[PixelX]
xPixel_0=1146.262838
xPixel_1=1146.329445
xPixel_2=1146.526615
xPixel_3=1090.482786
xPixel_4=1090.597207
xPixel_5=1090.876471
xPixel_6=1034.880803
xPixel_7=1035.114715
xPixel_8=1035.387528
[PixelY]
yPixel_0=1302.675896
yPixel_1=1247.545523
yPixel_2=1192.116617
yPixel_3=1302.459612
yPixel_4=1247.337957
yPixel_5=1191.920882
yPixel_6=1302.289443
yPixel_7=1247.199561
yPixel_8=1191.827180
[PosX]
xPos_0=238163.000000
xPos_1=239163.000000
xPos_2=240163.000000
xPos_3=238163.000000
xPos_4=239163.000000
xPos_5=240163.000000
xPos_6=238163.000000
xPos_7=239163.000000
xPos_8=240163.000000
[PosY]
yPos_0=257561.000000
yPos_1=257561.000000
yPos_2=257561.000000
yPos_3=258561.000000
yPos_4=258561.000000
yPos_5=258561.000000
yPos_6=259561.000000
yPos_7=259561.000000
yPos_8=259561.000000
[RoateCenter]
x1=867.314374
y1=1322.894711
x2=878.604151
y2=1347.808718
angle=60.000000
[Calib]
xCenter=851.383100
yCenter=1345.128948
xMaxOffset=0.1203938889
yMaxOffset=0.0827027778
PixWidth=18.0404444362
