[PixelX]
xPixel_0=1072.297957
xPixel_1=1072.378431
xPixel_2=1072.395247
xPixel_3=1016.682866
xPixel_4=1016.860042
xPixel_5=1016.916100
xPixel_6=961.111094
xPixel_7=961.487785
xPixel_8=961.552785
[PixelY]
yPixel_0=1335.164007
yPixel_1=1279.989533
yPixel_2=1224.718988
yPixel_3=1335.070250
yPixel_4=1279.939940
yPixel_5=1224.544488
yPixel_6=1334.927481
yPixel_7=1280.001533
yPixel_8=1224.556034
[PosX]
xPos_0=222763.000000
xPos_1=223763.000000
xPos_2=224763.000000
xPos_3=222763.000000
xPos_4=223763.000000
xPos_5=224763.000000
xPos_6=222763.000000
xPos_7=223763.000000
xPos_8=224763.000000
[PosY]
yPos_0=296061.000000
yPos_1=296061.000000
yPos_2=296061.000000
yPos_3=297061.000000
yPos_4=297061.000000
yPos_5=297061.000000
yPos_6=298061.000000
yPos_7=298061.000000
yPos_8=298061.000000
[RoateCenter]
x1=867.314374
y1=1322.894711
x2=878.604151
y2=1347.808718
angle=60.000000
[Calib]
xCenter=851.383100
yCenter=1345.128948
xMaxOffset=0.1271313333
yMaxOffset=0.1109466667
PixWidth=18.0706681699
